1000.4694000	0.157209
1001.7319145	0.173333
1002.9944291	0.194350
1004.2569436	0.217673
1005.5194581	0.242641
1006.7819727	0.268565
1008.0444872	0.295041
1009.3070017	0.321701
1010.5695163	0.348161
1011.8320308	0.374198
1013.0945453	0.399454
1014.3570599	0.423730
1015.6195744	0.446573
1016.8820889	0.467926
1018.1446035	0.487773
1019.4071180	0.506144
1020.6696325	0.523105
1021.9321471	0.538732
1023.1946616	0.553020
1024.4571761	0.565744
1025.7196907	0.577441
1026.9822052	0.588227
1028.2447197	0.598222
1029.5072343	0.607551
1030.7697488	0.616339
1032.0322633	0.624720
1033.2947779	0.632825
1034.5572924	0.640782
1035.8198070	0.648748
1037.0823215	0.656858
1038.3448360	0.665212
1039.6073506	0.673892
1040.8698651	0.682968
1042.1323796	0.692501
1043.3948942	0.702535
1044.6574087	0.713133
1045.9199232	0.724494
1047.1824378	0.737561
1048.4449523	0.751850
1049.7074668	0.767380
1050.9699814	0.784164
1052.2324959	0.802211
1053.4950104	0.821516
1054.7575250	0.842085
1056.0200395	0.863985
1057.2825540	0.887183
1058.5450686	0.911628
1059.8075831	0.937315
1061.0700976	0.964262
1062.3326122	0.992495
1063.5951267	1.022018
1064.8576412	1.052820
1066.1201558	1.084880
1067.3826703	1.118282
1068.6451848	1.152869
1069.9076994	1.188599
1071.1702139	1.225429
1072.4327284	1.263311
1073.6952430	1.302203
1074.9577575	1.342068
1076.2202720	1.382869
1077.4827866	1.424596
1078.7453011	1.467237
1080.0078156	1.510678
1081.2703302	1.554875
1082.5328447	1.599759
1083.7953592	1.645251
1085.0578738	1.691265
1086.3203883	1.737710
1087.5829028	1.784483
1088.8454174	1.831490
1090.1079319	1.878619
1091.3704464	1.925767
1092.6329610	1.972848
1093.8954755	2.019773
1095.1579900	2.066458
1096.4205046	2.112827
1097.6830191	2.158811
1098.9455336	2.204351
1100.2080482	2.249368
1101.4705627	2.293918
1102.7330773	2.338051
1103.9955918	2.381875
1105.2581063	2.425537
1106.5206209	2.469224
1107.7831354	2.513155
1109.0456499	2.557579
1110.3081645	2.602801
1111.5706790	2.649216
1112.8331935	2.697140
1114.0957081	2.746965
1115.3582226	2.799147
1116.6207371	2.854185
1117.8832517	2.912632
1119.1457662	2.975093
1120.4082807	3.042226
1121.6707953	3.115088
1122.9333098	3.194380
1124.1958243	3.280666
1125.4583389	3.374691
1126.7208534	3.477203
1127.9833679	3.588897
1129.2458825	3.710419
1130.5083970	3.842322
1131.7709115	3.985067
1133.0334261	4.140059
1134.2959406	4.306545
1135.5584551	4.484510
1136.8209697	4.673813
1138.0834842	4.874138
1139.3459987	5.085016
1140.6085133	5.305845
1141.8710278	5.535858
1143.1335423	5.774456
1144.3960569	6.020969
1145.6585714	6.273858
1146.9210859	6.532183
1148.1836005	6.794941
1149.4461150	7.061077
1150.7086295	7.329502
1151.9711441	7.599084
1153.2336586	7.868779
1154.4961731	8.137369
1155.7586877	8.403826
1157.0212022	8.667314
1158.2837167	8.927160
1159.5462313	9.182809
1160.8087458	9.433862
1162.0712603	9.680047
1163.3337749	9.921278
1164.5962894	10.157598
1165.8588039	10.388709
1167.1213185	10.615306
1168.3838330	10.837725
1169.6463476	11.056375
1170.9088621	11.271663
1172.1713766	11.484006
1173.4338912	11.693783
1174.6964057	11.901386
1175.9589202	12.107126
1177.2214348	12.311218
1178.4839493	12.514056
1179.7464638	12.715829
1181.0089784	12.916752
1182.2714929	13.117004
1183.5340074	13.316761
1184.7965220	13.516274
1186.0590365	13.715753
1187.3215510	13.915511
1188.5840656	14.115838
1189.8465801	14.317046
1191.1090946	14.519401
1192.3716092	14.723191
1193.6341237	14.928628
1194.8966382	15.135897
1196.1591528	15.345149
1197.4216673	15.556432
1198.6841818	15.769984
1199.9466964	15.985587
1201.2092109	16.203161
1202.4717254	16.422547
1203.7342400	16.643572
1204.9967545	16.866006
1206.2592690	17.089593
1207.5217836	17.314080
1208.7842981	17.539171
1210.0468126	17.764641
1211.3093272	17.990208
1212.5718417	18.215717
1213.8343562	18.441001
1215.0968708	18.666015
1216.3593853	18.890710
1217.6218998	19.115070
1218.8844144	19.339147
1220.1469289	19.563009
1221.4094434	19.786922
1222.6719580	20.011038
1223.9344725	20.235615
1225.1969870	20.460920
1226.4595016	20.687269
1227.7220161	20.915012
1228.9845306	21.144520
1230.2470452	21.376218
1231.5095597	21.610706
1232.7720742	21.848225
1234.0345888	22.089040
1235.2971033	22.333440
1236.5596179	22.581639
1237.8221324	22.833794
1239.0846469	23.089952
1240.3471615	23.350120
1241.6096760	23.614342
1242.8721905	23.882630
1244.1347051	24.154474
1245.3972196	24.429496
1246.6597341	24.707293
1247.9222487	24.987415
1249.1847632	25.269379
1250.4472777	25.552779
1251.7097923	25.837246
1252.9723068	26.122571
1254.2348213	26.408535
1255.4973359	26.695116
1256.7598504	26.982312
1258.0223649	27.270234
1259.2848795	27.559190
1260.5473940	27.849709
1261.8099085	28.142222
1263.0724231	28.437000
1264.3349376	28.734529
1265.5974521	29.034998
1266.8599667	29.338517
1268.1224812	29.645220
1269.3849957	29.955617
1270.6475103	30.270346
1271.9100248	30.585531
1273.1725393	30.915512
1274.4350539	31.251523
1275.6975684	31.606493
1276.9600829	31.971343
1278.2225975	32.353723
1279.4851120	32.751200
1280.7476265	33.167020
1282.0101411	33.601209
1283.2726556	34.056530
1284.5351701	34.531620
1285.7976847	35.033580
1287.0601992	35.557380
1288.3227137	36.109835
1289.5852283	36.686867
1290.8477428	37.292690
1292.1102573	37.928743
1293.3727719	38.591850
1294.6352864	39.292569
1295.8978009	40.016803
1297.1603155	40.774469
1298.4228300	41.567558
1299.6853445	42.399240
1300.9478591	43.272362
1302.2103736	44.189262
1303.4728882	45.057734
1304.7354027	46.103930
1305.9979172	47.239388
1307.2604318	48.375178
1308.5229463	49.507101
1309.7854608	50.617767
1311.0479754	51.716680
1312.3104899	52.774013
1313.5730044	53.788114
1314.8355190	54.756914
1316.0980335	55.655807
1317.3605480	56.000838
1318.6230626	56.471011
1319.8855771	56.835114
1321.1480916	57.080184
1322.4106062	57.211635
1323.6731207	57.279049
1324.9356352	57.248384
1326.1981498	57.089417
1327.4606643	56.855396
1328.7231788	56.541716
1329.9856934	56.163774
1331.2482079	55.750173
1332.5107224	55.122240
1333.7732370	54.375719
1335.0357515	53.579190
1336.2982660	52.739431
1337.5607806	51.861558
1338.8232951	50.955873
1340.0858096	50.019643
1341.3483242	49.071795
1342.6108387	48.123219
1343.8733532	47.246908
1345.1358678	46.352124
1346.3983823	45.477251
1347.6608968	44.621782
1348.9234114	43.804377
1350.1859259	42.994640
1351.4484404	42.173648
1352.7109550	41.400256
1353.9734695	40.660507
1355.2359840	39.919469
1356.4984986	39.186492
1357.7610131	38.468286
1359.0235276	37.768503
1360.2860422	37.074748
1361.5485567	36.398997
1362.8110712	35.730958
1364.0735858	35.079802
1365.3361003	34.436771
1366.5986148	33.806629
1367.8611294	33.186328
1369.1236439	32.576303
1370.3861585	31.976941
1371.6486730	31.386154
1372.9111875	30.804676
1374.1737021	30.232411
1375.4362166	29.669716
1376.6987311	29.115115
1377.9612457	28.569404
1379.2237602	28.029899
1380.4862747	27.497008
1381.7487893	26.970955
1383.0113038	26.451933
1384.2738183	25.940644
1385.5363329	25.437662
1386.7988474	24.943081
1388.0613619	24.457374
1389.3238765	23.980985
1390.5863910	23.514358
1391.8489055	23.057996
1393.1114201	22.612100
1394.3739346	22.176999
1395.6364491	21.753779
1396.8989637	21.342061
1398.1614782	20.941773
1399.4239927	20.552995
1400.6865073	20.175773
1401.9490218	19.810159
1403.2115363	19.456108
1404.4740509	19.113516
1405.7365654	18.782502
1406.9990799	18.463594
1408.2615945	18.155789
1409.5241090	17.858888
1410.7866235	17.572708
1412.0491381	17.297096
1413.3116526	17.031799
1414.5741671	16.776616
1415.8366817	16.531297
1417.0991962	16.296048
1418.3617107	16.070546
1419.6242253	15.854088
1420.8867398	15.646375
1422.1492543	15.447155
1423.4117689	15.256180
1424.6742834	15.073197
1425.9367979	14.898030
1427.1993125	14.730489
1428.4618270	14.571025
1429.7243415	14.419054
1430.9868561	14.274368
1432.2493706	14.136925
1433.5118852	14.006669
1434.7743997	13.883562
1436.0369142	13.767558
1437.2994288	13.658630
1438.5619433	13.556806
1439.8244578	13.462470
1441.0869724	13.374950
1442.3494869	13.294119
1443.6120014	13.219822
1444.8745160	13.151857
1446.1370305	13.089990
1447.3995450	13.033955
1448.6620596	12.983480
1449.9245741	12.938493
1451.1870886	12.898687
1452.4496032	12.863514
1453.7121177	12.832688
1454.9746322	12.805928
1456.2371468	12.782949
1457.4996613	12.763476
1458.7621758	12.747239
1460.0246904	12.733989
1461.2872049	12.723680
1462.5497194	12.715918
1463.8122340	12.710450
1465.0747485	12.707081
1466.3372630	12.705616
1467.5997776	12.705861
1468.8622921	12.707613
1470.1248066	12.710666
1471.3873212	12.714839
1472.6498357	12.719996
1473.9123502	12.725888
1475.1748648	12.732372
1476.4373793	12.739311
1477.6998938	12.746579
1478.9624084	12.754056
1480.2249229	12.761629
1481.4874374	12.769181
1482.7499520	12.776587
1484.0124665	12.783718
1485.2749810	12.790466
1486.5374956	12.796725
1487.8000101	12.802400
1489.0625246	12.807424
1490.3250392	12.811762
1491.5875537	12.815413
1492.8500682	12.818438
1494.1125828	12.820920
1495.3750973	12.823081
1496.6376118	12.825157
1497.9001264	12.827410
1499.1626409	12.830145
1500.4251555	12.833685
1501.6876700	12.838384
1502.9501845	12.844584
1504.2126991	12.852661
1505.4752136	12.863122
1506.7377281	12.876109
1508.0002427	12.891870
1509.2627572	12.910582
1510.5252717	12.932373
1511.7877863	12.957304
1513.0503008	12.985392
1514.3128153	13.016574
1515.5753299	13.050879
1516.8378444	13.088153
1518.1003589	13.128043
1519.3628735	13.170314
1520.6253880	13.214689
1521.8879025	13.260879
1523.1504171	13.308633
1524.4129316	13.357744
1525.6754461	13.408030
1526.9379607	13.459470
1528.2004752	13.512104
1529.4629897	13.562314
1530.7255043	13.610844
1531.9880188	13.665070
1533.2505333	13.724168
1534.5130479	13.784942
1535.7755624	13.856084
1537.0380769	13.926904
1538.3005915	14.012064
1539.5631060	14.100031
1540.8256205	14.200433
1542.0881351	14.316605
1543.3506496	14.442885
1544.6131641	14.580897
1545.8756787	14.723289
1547.1381932	14.888309
1548.4007077	15.055897
1549.6632223	15.252180
1550.9257368	15.457113
1552.1882513	15.687014
1553.4507659	15.935341
1554.7132804	16.205664
1555.9757949	16.502649
1557.2383095	16.818248
1558.5008240	17.168781
1559.7633385	17.537350
1561.0258531	17.948022
1562.2883676	18.388162
1563.5508821	18.867110
1564.8133967	19.375569
1566.0759112	19.882295
1567.3384258	20.449001
1568.6009403	21.074173
1569.8634548	21.670982
1571.1259694	22.294106
1572.3884839	22.980479
1573.6509984	23.716386
1574.9135130	24.547883
1576.1760275	25.465587
1577.4385420	26.445783
1578.7010566	27.498264
1579.9635711	28.646821
1581.2260856	29.844303
1582.4886002	31.189919
1583.7511147	32.613594
1585.0136292	34.148799
1586.2761438	36.033152
1587.5386583	38.136714
1588.8011728	40.235849
1590.0636874	42.462968
1591.3262019	44.792155
1592.5887164	47.288002
1593.8512310	49.945987
1595.1137455	52.662664
1596.3762600	55.506318
1597.6387746	58.432715
1598.9012891	61.441047
1600.1638036	64.507313
1601.4263182	67.596305
1602.6888327	70.376618
1603.9513472	72.958295
1605.2138618	72.120546
1606.4763763	72.921810
1607.7388908	72.910471
1609.0014054	71.190075
1610.2639199	69.045708
1611.5264344	66.424344
1612.7889490	63.633302
1614.0514635	60.811339
1615.3139780	57.942626
1616.5764926	55.037493
1617.8390071	52.102227
1619.1015216	49.201177
1620.3640362	46.353652
1621.6265507	43.408034
1622.8890652	40.417349
1624.1515798	37.442306
1625.4140943	34.512279
1626.6766088	31.749918
1627.9391234	29.142631
1629.2016379	26.694940
1630.4641524	24.454749
1631.7266670	22.383150
1632.9891815	20.662074
1634.2516961	19.094261
1635.5142106	17.681426
1636.7767251	16.412173
1638.0392397	15.258518
1639.3017542	14.166778
1640.5642687	13.136890
1641.8267833	12.286022
1643.0892978	11.533081
1644.3518123	10.851195
1645.6143269	10.219740
1646.8768414	9.620751
1648.1393559	9.085543
1649.4018705	8.674574
1650.6643850	8.284889
1651.9268995	7.915930
1653.1894141	7.565045
1654.4519286	7.230466
1655.7144431	6.911717
1656.9769577	6.609309
1658.2394722	6.323564
1659.5019867	6.052625
1660.7645013	5.795090
1662.0270158	5.550670
1663.2895303	5.319018
1664.5520449	5.100303
1665.8145594	4.894886
1667.0770739	4.701714
1668.3395885	4.522016
1669.6021030	4.356381
1670.8646175	4.202988
1672.1271321	4.062251
1673.3896466	3.932091
1674.6521611	3.812522
1675.9146757	3.702809
1677.1771902	3.602179
1678.4397047	3.509890
1679.7022193	3.425768
1680.9647338	3.347930
1682.2272483	3.277226
1683.4897629	3.211286
1684.7522774	3.150877
1686.0147919	3.095472
1687.2773065	3.043156
1688.5398210	2.996936
1689.8023355	2.950753
1691.0648501	2.911990
1692.3273646	2.871737
1693.5898791	2.836706
1694.8523937	2.798675
1696.1149082	2.761113
1697.3774227	2.723496
1698.6399373	2.685347
1699.9024518	2.646229
1701.1649664	2.605795
1702.4274809	2.563557
1703.6899954	2.519433
1704.9525100	2.473351
1706.2150245	2.425381
1707.4775390	2.375745
1708.7400536	2.324759
1710.0025681	2.272766
1711.2650826	2.220241
1712.5275972	2.167665
1713.7901117	2.115658
1715.0526262	2.064663
1716.3151408	2.015149
1717.5776553	1.967528
1718.8401698	1.922199
1720.1026844	1.879545
1721.3651989	1.839847
1722.6277134	1.803311
1723.8902280	1.770283
1725.1527425	1.740772
1726.4152570	1.714709
1727.6777716	1.692035
1728.9402861	1.672599
1730.2028006	1.656154
1731.4653152	1.642374
1732.7278297	1.630841
1733.9903442	1.621081
1735.2528588	1.612619
1736.5153733	1.604732
1737.7778878	1.596842
1739.0404024	1.588375
1740.3029169	1.578781
1741.5654314	1.567549
1742.8279460	1.554231
1744.0904605	1.538467
1745.3529750	1.519897
1746.6154896	1.498292
1747.8780041	1.473805
1749.1405186	1.446543
1750.4030332	1.416710
1751.6655477	1.384609
1752.9280622	1.350618
1754.1905768	1.315199
1755.4530913	1.279019
1756.7156058	1.242132
1757.9781204	1.204780
1759.2406349	1.167223
1760.5031494	1.129697
1761.7656640	1.092429
1763.0281785	1.055630
1764.2906930	1.019497
1765.5532076	0.984220
1766.8157221	0.949964
1768.0782367	0.916985
1769.3407512	0.885302
1770.6032657	0.854996
1771.8657803	0.826117
1773.1282948	0.798678
1774.3908093	0.772666
1775.6533239	0.748035
1776.9158384	0.724716
1778.1783529	0.702275
1779.4408675	0.681008
1780.7033820	0.660789
1781.9658965	0.641538
1783.2284111	0.623197
1784.4909256	0.605729
1785.7534401	0.589135
1787.0159547	0.573474
1788.2784692	0.558860
1789.5409837	0.545588
1790.8034983	0.533935
1792.0660128	0.524223
1793.3285273	0.516902
1794.5910419	0.512566
1795.8535564	0.512037
1797.1160709	0.516514
1798.3785855	0.527919
