1000.2485 0.0066715544
1001.3975 0.015959073
1002.5466 0.031553917
1003.6957 0.052929934
1004.8447 0.065905064
1005.9938 0.073468156
1007.1429 0.079805724
1008.2919 0.085237458
1009.441 0.091595896
1010.5901 0.098703548
1011.7391 0.10677349
1012.8882 0.11628482
1014.0373 0.12466922
1015.1863 0.13239834
1016.3354 0.14124225
1017.4845 0.15051989
1018.6335 0.15910119
1019.7826 0.16842209
1020.9317 0.17865941
1022.0807 0.18834296
1023.2298 0.19880795
1024.3789 0.20875591
1025.528 0.2168183
1026.677 0.22130612
1027.826 0.22672646
1028.9751 0.22937217
1030.1243 0.23340198
1031.2733 0.23522432
1032.4224 0.24025916
1033.5714 0.245401
1034.7205 0.25096193
1035.8695 0.25451386
1037.0187 0.25820228
1038.1677 0.26501146
1039.3168 0.27307108
1040.4658 0.28166136
1041.6149 0.29219458
1042.7639 0.30168411
1043.9131 0.30889928
1045.0621 0.31479248
1046.2112 0.32081607
1047.3602 0.32792753
1048.5093 0.33419526
1049.6583 0.33910415
1050.8075 0.3442992
1051.9565 0.35287267
1053.1056 0.36198819
1054.2546 0.36974156
1055.4037 0.37501073
1056.5527 0.38062829
1057.7019 0.38661221
1058.851 0.39209706
1060 0.39920276
1061.149 0.407446
1062.2981 0.41617692
1063.4473 0.42514411
1064.5963 0.4358252
1065.7454 0.44580081
1066.8944 0.45670423
1068.0435 0.47079504
1069.1925 0.48880455
1070.3417 0.50779957
1071.4907 0.53034401
1072.6398 0.55116105
1073.7888 0.57021457
1074.9379 0.58702576
1076.0869 0.59902209
1077.2361 0.60990363
1078.3851 0.61710167
1079.5342 0.63197732
1080.6832 0.64836323
1081.8323 0.66041905
1082.9813 0.67209393
1084.1305 0.68001133
1085.2795 0.68756968
1086.4286 0.69320589
1087.5776 0.70024389
1088.7267 0.71130782
1089.8757 0.73197985
1091.0249 0.74330378
1092.174 0.75100553
1093.323 0.75972581
1094.472 0.76652408
1095.6211 0.77367359
1096.7701 0.77985787
1097.9193 0.78603977
1099.0684 0.79188722
1100.2174 0.79232848
1101.3665 0.79802084
1102.5155 0.80429786
1103.6646 0.81719559
1104.8137 0.82744354
1105.9628 0.83404791
1107.1118 0.83970517
1108.2609 0.84651572
1109.4099 0.85822147
1110.559 0.86862606
1111.7081 0.88469195
1112.8572 0.89579415
1114.0062 0.90433723
1115.1553 0.9062013
1116.3043 0.91168189
1117.4534 0.91999811
1118.6025 0.92930555
1119.7516 0.94056797
1120.9006 0.95486504
1122.0497 0.97104424
1123.1987 0.98536283
1124.3478 1.0081329
1125.4969 1.0219219
1126.646 1.0384949
1127.795 1.0534436
1128.9441 1.0657064
1130.0931 1.0826032
1131.2422 1.1002512
1132.3914 1.1226542
1133.5404 1.1526132
1134.6895 1.1864144
1135.8385 1.2253397
1136.9875 1.2673489
1138.1366 1.3155739
1139.2858 1.3652813
1140.4348 1.4110857
1141.5839 1.4547371
1142.7329 1.4912423
1143.882 1.5240028
1145.031 1.5459116
1146.1802 1.5902261
1147.3292 1.6388311
1148.4783 1.6893965
1149.6273 1.745006
1150.7764 1.7968454
1151.9254 1.8503618
1153.0746 1.8968256
1154.2236 1.9370382
1155.3727 1.9795021
1156.5217 2.0109096
1157.6708 2.047756
1158.8198 2.0842435
1159.969 2.1206973
1161.118 2.155452
1162.2671 2.1951959
1163.4161 2.2312078
1164.5652 2.2669113
1165.7142 2.3029904
1166.8634 2.3371799
1168.0125 2.3731256
1169.1615 2.4075906
1170.3105 2.4425592
1171.4596 2.475601
1172.6086 2.5065815
1173.7578 2.5186951
1174.9069 2.557761
1176.0559 2.5922716
1177.205 2.6249809
1178.354 2.6565435
1179.5031 2.688132
1180.6522 2.7263596
1181.8013 2.7620175
1182.9503 2.79545
1184.0994 2.8328145
1185.2484 2.8684628
1186.3975 2.9048576
1187.5466 2.9414725
1188.6957 2.9774196
1189.8447 3.0139153
1190.9938 3.0505593
1192.1428 3.0869532
1193.2919 3.1227994
1194.441 3.1616576
1195.5901 3.2009962
1196.7391 3.24633
1197.8882 3.2983205
1199.0372 3.3465123
1200.1863 3.398453
1201.3354 3.4513509
1202.4845 3.5051088
1203.6335 3.5607576
1204.7826 3.6204054
1205.9316 3.6796825
1207.0807 3.7373955
1208.2299 3.7919459
1209.3789 3.8439624
1210.528 3.8939564
1211.677 3.9386137
1212.826 3.9800367
1213.9751 4.0242052
1215.1243 4.0697994
1216.2733 4.1158853
1217.4224 4.1634884
1218.5714 4.2105231
1219.7205 4.2608819
1220.8695 4.3169994
1222.0187 4.3691387
1223.1677 4.4210653
1224.3168 4.4747238
1225.4658 4.5303507
1226.6149 4.5830564
1227.7639 4.6351633
1228.9131 4.6893029
1230.0621 4.744175
1231.2112 4.7993779
1232.3602 4.8514681
1233.5093 4.9022593
1234.6583 4.9517007
1235.8075 5.0008392
1236.9565 5.0471897
1238.1056 5.0921836
1239.2546 5.1367931
1240.4037 5.1816607
1241.5527 5.2251678
1242.7019 5.2678237
1243.851 5.3102016
1245 5.3538694
1246.149 5.3962045
1247.2981 5.4383683
1248.4473 5.4793477
1249.5963 5.5178537
1250.7454 5.5598207
1251.8944 5.6031966
1253.0435 5.6445198
1254.1925 5.6837101
1255.3417 5.7186251
1256.4907 5.7542644
1257.6398 5.788116
1258.7888 5.8206534
1259.9379 5.8542414
1261.0869 5.8894606
1262.2361 5.9210367
1263.3851 5.9507356
1264.5342 5.9779911
1265.6832 6.0040593
1266.8323 6.0294213
1267.9813 6.0579381
1269.1305 6.0859299
1270.2795 6.1133723
1271.4286 6.1386108
1272.5776 6.1627827
1273.7267 6.1862063
1274.8757 6.2142344
1276.0249 6.2449188
1277.174 6.2746134
1278.323 6.303566
1279.472 6.3333268
1280.6211 6.3634171
1281.7701 6.3888102
1282.9193 6.4032097
1284.0684 6.4184399
1285.2174 6.4302044
1286.3665 6.4407163
1287.5155 6.4563932
1288.6646 6.4515662
1289.8137 6.4861779
1290.9628 6.5224257
1292.1118 6.5499597
1293.2609 6.5828767
1294.4099 6.6164899
1295.559 6.6556821
1296.7081 6.6996369
1297.8572 6.7487893
1299.0062 6.8022122
1300.1553 6.8587937
1301.3043 6.9187694
1302.4534 6.9815836
1303.6025 7.0475316
1304.7516 7.1160016
1305.9006 7.1862969
1307.0497 7.2585874
1308.1987 7.3343086
1309.3478 7.4113312
1310.4969 7.490593
1311.646 7.5693464
1312.795 7.6518188
1313.9441 7.7330089
1315.0931 7.8151031
1316.2422 7.8975959
1317.3914 7.9804435
1318.5404 8.0653667
1319.6895 8.1515932
1320.8385 8.2381191
1321.9875 8.3239832
1323.1366 8.4071999
1324.2858 8.486105
1325.4348 8.5590057
1326.5839 8.6287622
1327.7329 8.6911306
1328.882 8.7511301
1330.031 8.803793
1331.1802 8.8513031
1332.3292 8.8912153
1333.4783 8.9225521
1334.6273 8.942606
1335.7764 8.9552526
1336.9254 8.9577894
1338.0746 8.9503794
1339.2236 8.934268
1340.3727 8.9094706
1341.5217 8.8786402
1342.6708 8.8435221
1343.8198 8.8041391
1344.969 8.7589579
1346.118 8.7107267
1347.2671 8.6616888
1348.4161 8.6096668
1349.5652 8.5563021
1350.7142 8.5023546
1351.8634 8.4521484
1353.0125 8.4005661
1354.1615 8.3485651
1355.3105 8.2953367
1356.4596 8.2435493
1357.6086 8.1900816
1358.7578 8.1341314
1359.9069 8.0773287
1361.0559 8.0179443
1362.205 7.9545708
1363.354 7.8869686
1364.5031 7.8175249
1365.6522 7.7447109
1366.8013 7.6714754
1367.9503 7.6003289
1369.0994 7.526732
1370.2484 7.4367146
1371.3975 7.3410254
1372.5466 7.2430377
1373.6957 7.1435013
1374.8447 7.0413423
1375.9938 6.9362221
1377.1428 6.8311381
1378.2919 6.7277422
1379.441 6.6277676
1380.5901 6.5301423
1381.7391 6.4351454
1382.8882 6.3433352
1384.0372 6.2552047
1385.1863 6.1606102
1386.3354 6.0652452
1387.4845 5.9748917
1388.6335 5.8866496
1389.7826 5.7999296
1390.9316 5.7152553
1392.0807 5.6323509
1393.2299 5.5514889
1394.3789 5.4730601
1395.528 5.3980999
1396.677 5.3227277
1397.826 5.2501135
1398.9751 5.17904
1400.1243 5.1105514
1401.2733 5.0469069
1402.4224 4.9847941
1403.5714 4.9238863
1404.7205 4.8653936
1405.8695 4.8083091
1407.0187 4.7523732
1408.1677 4.6981096
1409.3168 4.6468186
1410.4658 4.5972748
1411.6149 4.5483184
1412.7639 4.5009866
1413.9131 4.4558544
1415.0621 4.4100428
1416.2112 4.3652072
1417.3602 4.3243766
1418.5093 4.2855592
1419.6583 4.2487001
1420.8075 4.212584
1421.9565 4.1772108
1423.1056 4.1451631
1424.2546 4.1134138
1425.4037 4.0825877
1426.5527 4.05196
1427.7019 4.021997
1428.851 3.990298
1430 3.9629548
1431.149 3.9373987
1432.2981 3.9131396
1433.4473 3.9154201
1434.5963 3.8890326
1435.7454 3.8628013
1436.8944 3.8376625
1438.0435 3.8141642
1439.1925 3.7904501
1440.3417 3.7578189
1441.4907 3.7385073
1442.6398 3.7214065
1443.7888 3.7058656
1444.9379 3.6940129
1446.0869 3.7018077
1447.2361 3.6943309
1448.3851 3.6821897
1449.5342 3.6728587
1450.6832 3.6606505
1451.8323 3.6525619
1452.9813 3.6366446
1454.1305 3.628603
1455.2795 3.623342
1456.4286 3.6185493
1457.5776 3.6135902
1458.7267 3.6082864
1459.8757 3.608619
1461.0249 3.6093099
1462.174 3.6110914
1463.323 3.6153526
1464.472 3.6217909
1465.6211 3.6291964
1466.7701 3.6340597
1467.9193 3.6395869
1469.0684 3.6444449
1470.2174 3.6429393
1471.3665 3.639569
1472.5155 3.6358654
1473.6646 3.6309385
1474.8137 3.6216652
1475.9628 3.6171572
1477.1118 3.6093829
1478.2609 3.5992866
1479.4099 3.5974431
1480.559 3.5995927
1481.7081 3.6001344
1482.8572 3.6091778
1484.0062 3.6160054
1485.1553 3.6189556
1486.3043 3.6159797
1487.4534 3.6042242
1488.6025 3.5886726
1489.7516 3.5570481
1490.9006 3.533386
1492.0497 3.5094736
1493.1987 3.5077143
1494.3478 3.5119858
1495.4969 3.5276113
1496.646 3.5414407
1497.795 3.5477509
1498.9441 3.551748
1500.0931 3.5447659
1501.2422 3.5314374
1502.3914 3.5077803
1503.5404 3.4894252
1504.6895 3.4787211
1505.8385 3.4703841
1506.9875 3.4772012
1508.1366 3.4888239
1509.2858 3.4891348
1510.4348 3.4943635
1511.5839 3.5002389
1512.7329 3.5062227
1513.882 3.5137713
1515.031 3.5212252
1516.1802 3.5308347
1517.3292 3.5407524
1518.4783 3.5508587
1519.6273 3.5620453
1520.7764 3.5731375
1521.9254 3.5841463
1523.0746 3.5957134
1524.2236 3.6065311
1525.3727 3.6171353
1526.5217 3.6293809
1527.6708 3.6456938
1528.8198 3.6642311
1529.969 3.6850467
1531.118 3.7072113
1532.2671 3.7293935
1533.4161 3.7539082
1534.5652 3.7784998
1535.7142 3.8170397
1536.8634 3.8485074
1538.0125 3.8695006
1539.1615 3.889441
1540.3105 3.9070933
1541.4596 3.930155
1542.6086 3.9546604
1543.7578 3.9824333
1544.9069 4.0158896
1546.0559 4.0555778
1547.205 4.1041012
1548.354 4.179152
1549.5031 4.2471561
1550.6522 4.3243704
1551.8013 4.4015617
1552.9503 4.4823966
1554.0994 4.5639157
1555.2484 4.649477
1556.3975 4.7372465
1557.5466 4.8210273
1558.6957 4.9231563
1559.8447 5.0398884
1560.9938 5.1528211
1562.1428 5.2701993
1563.2919 5.3929429
1564.441 5.5199919
1565.5901 5.6557245
1566.7391 5.7911487
1567.8882 5.9402938
1569.0372 6.0757856
1570.1863 6.2131629
1571.3354 6.4099813
1572.4845 6.6250219
1573.6335 6.81774
1574.7826 7.0075388
1575.9316 7.2083287
1577.0807 7.4170556
1578.2299 7.6322856
1579.3789 7.8551383
1580.528 8.0759974
1581.677 8.300642
1582.826 8.5233593
1583.9751 8.7258034
1585.1243 8.938818
1586.2733 9.1504898
1587.4224 9.3646622
1588.5714 9.5734978
1589.7205 9.7842989
1590.8695 9.9892616
1592.0187 10.195052
1593.1677 10.392805
1594.3168 10.582635
1595.4658 10.770429
1596.6149 10.947101
1597.7639 11.103299
1598.9131 11.23336
1600.0621 11.283637
1601.2112 11.188063
1602.3602 11.174769
1603.5093 11.109114
1604.6583 10.983642
1605.8075 10.753956
1606.9565 10.441245
1608.1056 10.272099
1609.2546 9.9305487
1610.4037 9.6079721
1611.5527 9.2800121
1612.7019 8.9882765
1613.851 8.6415796
1615 8.2936296
1616.149 7.9111786
1617.2981 7.5417085
1618.4473 7.160675
1619.5963 6.7830119
1620.7454 6.4161763
1621.8944 6.0621328
1623.0435 5.717205
1624.1925 5.3884883
1625.3417 5.0792637
1626.4907 4.7784691
1627.6398 4.4893475
1628.7888 4.2199268
1629.9379 3.9775169
1631.0869 3.7733779
1632.2361 3.5948222
1633.3851 3.4346216
1634.5342 3.2984691
1635.6832 3.1655738
1636.8323 3.0451088
1637.9813 2.9360421
1639.1305 2.8339899
1640.2795 2.7334394
1641.4286 2.625422
1642.5776 2.5336256
1643.7267 2.4457555
1644.8757 2.3629339
1646.0249 2.2834346
1647.174 2.2024963
1648.323 2.1295624
1649.472 2.0600538
1650.6211 1.9933909
1651.7701 1.927498
1652.9193 1.8591548
1654.0684 1.7975726
1655.2174 1.7413422
1656.3665 1.6893448
1657.5155 1.6409519
1658.6646 1.5961378
1659.8137 1.5536393
1660.9628 1.5126191
1662.1118 1.4731169
1663.2609 1.435441
1664.4099 1.398899
1665.559 1.3635498
1666.7081 1.3260722
1667.8572 1.29208
1669.0062 1.2590687
1670.1553 1.2284272
1671.3043 1.1996614
1672.4534 1.1711925
1673.6025 1.1443462
1674.7516 1.1209958
1675.9006 1.0969176
1677.0497 1.0771562
1678.1987 1.0594347
1679.3478 1.0426899
1680.4969 1.0263647
1681.646 1.0104203
1682.795 0.99480659
1683.9441 0.98042202
1685.0931 0.9725517
1686.2422 0.95716751
1687.3914 0.9407621
1688.5404 0.92164379
1689.6895 0.90209782
1690.8385 0.88141358
1691.9875 0.85752296
1693.1366 0.8289265
1694.2858 0.80675644
1695.4348 0.78360415
1696.5839 0.76257867
1697.7329 0.74514979
1698.882 0.7291162
1700.031 0.71664757
1701.1802 0.71235019
1702.3292 0.70267051
1703.4783 0.69342178
1704.6273 0.68370908
1705.7764 0.67413539
1706.9254 0.6642428
1708.0746 0.65493065
1709.2236 0.64512587
1710.3727 0.63330805
1711.5217 0.61912638
1712.6708 0.59999275
1713.8198 0.58696949
1714.969 0.57445782
1716.118 0.5607869
1717.2671 0.54837221
1718.4161 0.53574753
1719.5652 0.52313221
1720.7142 0.51091141
1721.8634 0.50161147
1723.0125 0.49236029
1724.1615 0.48430282
1725.3105 0.47680506
1726.4596 0.46847349
1727.6086 0.4598363
1728.7578 0.45161495
1729.9069 0.44241452
1731.0559 0.43298587
1732.205 0.42341024
1733.354 0.41320813
1734.5031 0.40161029
1735.6522 0.39107621
1736.8013 0.38332576
1737.9503 0.37564185
1739.0994 0.36646938
1740.2484 0.35791844
1741.3975 0.34872726
1742.5466 0.33861953
1743.6957 0.32902399
1744.8447 0.32154608
1745.9938 0.3131777
1747.1428 0.30796191
1748.2919 0.29743275
1749.441 0.28801501
1750.5901 0.27905056
1751.7391 0.26653841
1752.8882 0.25148517
1754.0372 0.23658076
1755.1863 0.22267705
1756.3354 0.21018361
1757.4845 0.19921167
1758.6335 0.18828797
1759.7826 0.17889033
1760.9316 0.17025204
1762.0807 0.16668646
1763.2299 0.16434334
1764.3789 0.16068837
1765.528 0.15664883
1766.677 0.15329771
1767.826 0.14990337
1768.9751 0.14684023
1770.1243 0.14392599
1771.2733 0.14367299
1772.4224 0.13560349
1773.5714 0.12831475
1774.7205 0.1228417
1775.8695 0.11385907
1777.0187 0.10866868
1778.1677 0.10453849
1779.3168 0.10491402
1780.4658 0.10506343
1781.6149 0.10565722
1782.7639 0.10254525
1783.9131 0.098884888
1785.0621 0.094375163
1786.2112 0.087950006
1787.3602 0.080340758
1788.5093 0.065215021
1789.6583 0.051729854
1790.8075 0.064292863
1791.9565 0.059546825
1793.1056 0.053856488
1794.2546 0.047221866
1795.4037 0.039642952
1796.5527 0.031119751
1797.7019 0.021652263
1798.851 0.010331428
1800 -0.0018494423

